[(13, 0), (13, 1), (14, 5), (13, 12), (13, 4), (14, 7), (14, 17), (14, 6), (14, 16), (14, 13), (14, 20)]
13
13
7
7
13
14
14
14
11
11
3
3
13
14
11
11
14
14
4
4
14

[(4, 0), (4, 1), (4, 2), (5, 6)]
4
4
4
3
3
2
5
3

[]
0
0

[(7, 1), (7, 3), (7, 2), (7, 4), (7, 5), (7, 7)]
5
7
7
7
7
7
1
7
6

[(6, 2), (6, 8), (6, 9), (7, 5), (7, 4), (7, 3)]
5
3
6
7
7
7
1
4
6
6

[(10, 3), (10, 6), (10, 8), (13, 1), (13, 12), (13, 0), (12, 7), (13, 9), (13, 13), (13, 16)]
13
13
9
10
3
3
10
12
10
13
9
9
13
13
9
4
13
4

